+0000000000
+0000000001
+0000000000
+0000000000
+0000000000
+0000000000
+0000000000
+0000000000
+0000000000
+0000000050
+0000000151
+0000000000
+0000000000
+9999999999
+8000000002
-1002001003
+8000000004
-6004222005
+7005002002
+0000000005
+0000000006
+1001006007
+6222006011
+6222007012
-5011012016
+0011000008
+0012000011
+0008000012
-6011222006
-6012222007
+7006003007
+7005003006
+0000000005
+6222005004
-8004000000
+7005002019
+9000000000
+9999999999
+0000000010
+0000000094
+0000000150
+0000000113
+0000000037
+0000000063
+0000000160
+0000000128
+0000000235
+0000000117
+0000000001
