+0000000000
+0000000001
+0000000000
+0000000000
+0000000000
+0000000000
+0000000000
+0000000050
+0000000150
+0000000000
+0000000000
+0000000000
+0000000000
+0000000000
+0000000000
+0000000000
+9999999999
+8000000005
-1005001006
+0000000002
+8000000009
-6009015002
+1001002002
-5002005003
+0000000002
+0000000003
+1001003010
+6015003011
+6015010012
+5011012016
+1001003003
-5003006009
+1002001002
+0011000004
+0012000011
+0004000012
+4000000013
+1002001002
-5002006008
+0000000002
+6015002009
-8009000000
+1002001002
-5002005023
+0000000002
+0008001013
+6015002009
-5009007035
+1002001002
-5002005029
-5002013036
+1002001002
-5002005029
-8009000000
+1002001002
-5002005029
+9000000000
+9999999999
+0000000010
+0000000094
+0000000150
+0000000113
+0000000037
+0000000063
+0000000160
+0000000128
+0000000235
+0000000117
+0000000001